04 21 30 55 63 08 28 40 59 84 15 35 44 65 89
03 11 34 46 66 05 25 38 53 74 14 27 49 67 75
05 23 43 60 73 19 35 49 65 84 25 37 52 74 89
05 30 46 61 72 10 35 52 68 85 22 47 54 79 87
05 23 47 50 75 07 29 49 61 84 15 37 54 78 86
05 10 35 40 69 08 25 37 56 79 16 26 45 59 82
03 14 31 46 75 05 22 37 68 81 15 24 47 78 86
03 11 30 43 64 04 21 34 54 75 17 23 47 67 79
02 20 35 54 64 13 22 46 57 81 15 38 47 66 82
03 12 40 51 78 04 31 42 68 84 16 37 59 79 86
05 24 44 51 72 06 29 49 68 82 11 36 52 75 84
09 29 43 56 73 11 32 47 68 81 17 33 57 69 85
05 10 33 42 64 09 20 36 52 70 17 22 49 53 76
03 21 30 54 75 13 24 46 61 79 19 35 47 68 80
05 26 43 50 71 07 29 48 62 78 17 39 56 67 85
02 10 37 58 72 05 20 39 63 78 16 28 43 69 87
02 11 39 50 78 08 27 47 53 80 12 28 49 65 81
11 23 42 61 75 17 32 49 62 84 28 33 55 77 87
04 13 41 55 73 09 33 44 69 84 14 37 59 78 85
02 27 42 52 73 12 28 45 61 75 16 37 58 66 86
01 17 36 43 76 04 23 39 58 84 18 27 45 79 89
05 24 44 50 76 09 32 45 61 87 25 36 57 62 89
06 23 42 52 74 19 31 48 64 79 27 38 57 67 83
06 12 36 43 60 08 22 38 50 71 13 23 46 52 77
01 12 30 42 73 06 20 36 64 78 18 27 43 67 89
11 25 41 55 72 14 30 47 68 81 28 38 58 76 88
07 12 32 53 75 09 23 39 66 82 17 27 55 68 85
02 21 34 55 73 04 22 45 61 77 11 36 56 67 85
06 10 31 57 71 08 29 41 58 78 17 39 48 64 84
04 23 43 61 72 08 33 48 66 86 26 36 57 77 89
01 11 34 56 73 05 23 39 59 74 12 28 48 64 83
01 25 41 53 75 16 32 48 62 79 19 39 57 68 86
03 15 38 48 61 05 24 39 50 64 16 25 49 55 73
09 23 37 52 70 13 29 42 68 80 14 38 43 73 84
02 14 34 41 67 08 24 36 53 68 16 27 44 56 72
06 11 34 57 74 09 22 48 65 78 12 37 49 68 83
01 14 30 51 60 02 21 42 58 87 15 32 44 67 88
04 24 32 54 72 07 29 45 55 87 10 39 49 61 89
04 27 44 50 77 13 37 49 63 78 18 38 58 67 86
04 12 30 52 76 07 22 37 61 85 13 26 42 66 87
05 16 31 52 73 08 21 33 63 76 19 29 56 65 89
09 20 33 60 71 15 29 57 64 87 19 34 59 78 89
01 24 30 58 64 08 28 45 59 76 15 31 48 67 81
01 25 47 51 73 10 31 48 66 83 29 34 58 74 86
03 13 37 53 65 06 22 39 57 72 16 24 47 68 78
06 21 33 63 71 08 26 49 67 84 17 36 54 78 86
04 26 43 51 74 12 33 47 63 79 14 34 57 67 87
02 11 43 54 70 09 23 44 66 84 12 25 59 67 86
04 24 32 55 72 11 25 42 61 81 17 38 45 69 88
11 20 46 53 73 15 37 49 63 77 28 38 55 69 84
01 10 32 58 70 08 21 45 65 80 12 35 47 67 86
07 12 39 54 66 09 25 42 57 70 14 29 47 67 87
09 25 40 53 76 12 31 48 62 78 18 39 55 64 80
02 20 40 53 72 04 25 43 67 80 16 37 56 76 84
04 23 30 57 74 08 28 47 59 81 12 37 49 69 82
04 13 36 50 76 08 22 43 64 85 19 37 51 66 87
02 10 40 63 70 09 21 53 65 85 13 39 54 76 89
03 12 33 52 75 05 23 41 64 80 19 35 59 68 82
07 24 34 52 70 12 25 40 69 86 18 39 48 75 89
09 25 32 52 70 15 28 43 64 79 17 34 49 69 80